High,0.7666083916083916,0.7751479289940828,0.7488789237668162
Low,0.3428821981876644,0.3900445765230312,0.31556503198294245
Medium,0.5849408836341008,0.6026422764227642,0.5560253699788583
1,0.2332814930015552,0.2547945205479452,0.22975206611570248
2,0.35279805352798055,0.34971098265895956,0.3426791277258567
3,0.41576506955177744,0.4697986577181208,0.3697478991596639
4,0.47147147147147145,0.5074183976261127,0.4403292181069959
5,0.5120274914089347,0.5294117647058824,0.47
6,0.6143667296786389,0.6289308176100629,0.6
7,0.6391129032258065,0.6472303206997084,0.6460176991150443
8,0.7547619047619047,0.7475083056478405,0.78125
9,0.7404761904761905,0.7476340694006309,0.7272727272727273
10,0.819078947368421,0.8502202643171806,0.72
